[49m                                                         [m
[49m                                                         [m
[49m                      [38;2;142;189;217;49m▄[49m [49;38;2;0;85;152m▀[38;2;5;86;152;48;2;4;85;151m▄[38;2;5;86;152;48;2;5;86;151m▄[38;2;5;87;152;48;2;5;86;151m▄▄[38;2;5;86;152;48;2;5;86;151m▄▄[38;2;5;86;152;48;2;4;85;151m▄[38;2;5;86;151;48;2;4;85;151m▄▄[38;2;4;84;152;49m▄[49m                      [m
[49m                     [38;2;139;192;215;49m▄[38;2;140;194;216;48;2;140;193;216m▄[38;2;140;194;216;48;2;140;194;217m▄[38;2;135;191;215;49m▄[49;38;2;4;86;151m▀[38;2;8;89;155;48;2;7;88;154m▄▄[38;2;8;90;155;48;2;7;88;154m▄[38;2;8;89;155;48;2;7;88;154m▄▄[38;2;7;89;155;48;2;7;88;153m▄[38;2;7;89;155;48;2;6;87;153m▄▄[38;2;7;88;154;48;2;5;87;152m▄[38;2;6;89;155;48;2;0;88;151m▄[49m                     [m
[49m                    [38;2;140;194;215;49m▄[38;2;140;194;216;48;2;139;194;216m▄[48;2;140;194;216m  [38;2;140;194;216;48;2;141;195;216m▄[38;2;142;191;214;49m▄[49;38;2;6;91;153m▀[38;2;10;94;160;48;2;9;91;157m▄[38;2;10;93;159;48;2;9;91;157m▄▄[38;2;9;92;159;48;2;9;91;157m▄[38;2;9;92;159;48;2;8;91;156m▄[38;2;9;92;158;48;2;8;90;156m▄▄[38;2;9;91;157;48;2;8;90;155m▄[38;2;8;91;156;48;2;8;89;155m▄[38;2;8;90;156;48;2;4;89;157m▄[49m                    [m
[49m                   [38;2;140;194;214;48;2;137;196;216m▄[48;2;140;194;216m [38;2;141;194;216;48;2;140;194;216m▄[38;2;142;195;216;48;2;141;194;216m▄▄[38;2;143;195;217;48;2;141;194;216m▄[38;2;144;196;217;48;2;142;195;216m▄[38;2;145;198;217;49m▄[49;38;2;0;85;153m▀[38;2;10;96;164;48;2;9;95;161m▄[38;2;12;96;162;48;2;11;94;161m▄[38;2;12;96;162;48;2;10;94;161m▄[38;2;11;95;162;48;2;10;94;160m▄[38;2;11;95;161;48;2;10;93;160m▄[38;2;11;95;161;48;2;10;93;159m▄[38;2;11;94;161;48;2;10;93;159m▄[38;2;10;94;160;48;2;9;92;159m▄[38;2;10;93;159;48;2;9;92;157m▄[38;2;9;93;159;48;2;8;89;156m▄[49m                   [m
[49m                  [49;38;2;150;195;225m▀[49;38;2;140;193;216m▀[49;38;2;140;195;216m▀[49;38;2;142;195;217m▀[49;38;2;143;196;217m▀[49;38;2;144;196;217m▀[49;38;2;145;197;217m▀[49;38;2;147;197;217m▀[49;38;2;149;197;218m▀[49m  [38;2;12;98;163;48;2;13;97;164m▄[38;2;13;99;166;48;2;13;97;164m▄[38;2;14;98;165;48;2;13;97;164m▄[38;2;13;98;165;48;2;13;96;163m▄[38;2;14;98;164;48;2;13;96;163m▄[38;2;13;97;164;48;2;12;96;162m▄[38;2;13;97;163;48;2;11;95;162m▄[38;2;12;96;162;48;2;11;95;161m▄[38;2;11;95;162;48;2;10;94;160m▄[38;2;10;95;161;48;2;10;92;159m▄[49m                  [m
[49m                 [38;2;11;92;163;49m▄[49;38;2;0;91;164m▀[38;2;14;96;164;48;2;12;95;163m▄[38;2;13;98;165;48;2;12;95;163m▄[38;2;13;99;165;48;2;13;97;164m▄[38;2;12;99;166;48;2;13;98;164m▄[38;2;11;100;167;48;2;13;98;166m▄[38;2;11;101;167;48;2;12;98;166m▄[38;2;10;101;168;48;2;10;98;166m▄[38;2;9;101;168;48;2;10;100;167m▄[38;2;8;102;168;48;2;10;100;167m▄[38;2;8;103;170;48;2;6;99;168m▄[49m [38;2;5;100;165;48;2;11;100;166m▄[38;2;10;101;168;48;2;12;99;166m▄[38;2;11;101;167;48;2;13;99;165m▄[38;2;11;100;167;48;2;14;98;165m▄[38;2;12;99;166;48;2;13;98;165m▄[38;2;13;99;165;48;2;13;97;164m▄[38;2;13;98;164;48;2;13;96;163m▄[38;2;13;97;164;48;2;12;96;163m▄[38;2;13;96;163;48;2;11;95;161m▄[38;2;12;95;163;48;2;10;94;161m▄[38;2;9;85;161;49m▄[49m                [m
[49m                [38;2;13;97;163;48;2;12;96;163m▄[38;2;14;98;164;48;2;13;96;164m▄[38;2;12;100;166;49m▄[49;38;2;10;92;163m▀[38;2;9;101;168;48;2;12;99;166m▄[38;2;8;102;169;48;2;11;100;167m▄[38;2;7;103;170;48;2;10;101;168m▄[38;2;6;103;170;48;2;8;102;169m▄[38;2;5;104;171;48;2;8;102;169m▄[38;2;5;104;171;48;2;7;103;170m▄[38;2;4;104;172;48;2;6;103;170m▄[38;2;4;105;172;48;2;6;103;170m▄[38;2;3;105;172;48;2;6;103;170m▄[38;2;3;104;173;48;2;3;104;169m▄[49m [38;2;0;96;175;48;2;6;104;171m▄[38;2;5;104;172;48;2;8;102;169m▄[38;2;6;103;170;48;2;8;102;169m▄[38;2;7;103;170;48;2;10;101;168m▄[38;2;8;102;168;48;2;11;100;167m▄[38;2;10;101;168;48;2;12;99;166m▄[38;2;11;100;166;48;2;13;98;165m▄[38;2;13;99;165;48;2;13;97;164m▄[38;2;13;97;164;48;2;13;96;163m▄[38;2;12;97;164;48;2;12;95;162m▄[38;2;9;96;164;49m▄[49m               [m
[49m              [38;2;0;90;165;49m▄[38;2;14;97;165;48;2;12;97;163m▄[38;2;13;99;165;48;2;13;98;164m▄[38;2;11;100;167;48;2;13;99;165m▄[38;2;9;101;168;48;2;11;100;167m▄[38;2;6;103;169;48;2;0;102;166m▄[49m [38;2;4;105;171;48;2;6;104;171m▄[38;2;3;105;173;48;2;5;104;171m▄[38;2;2;106;174;48;2;5;105;172m▄[38;2;1;106;174;48;2;3;105;173m▄[38;2;0;107;175;48;2;2;106;173m▄[38;2;0;107;175;48;2;1;106;173m▄[38;2;0;108;176;48;2;1;106;174m▄▄▄[38;2;0;108;176;48;2;0;107;173m▄[49m [49;38;2;4;104;171m▀[38;2;1;106;173;48;2;4;105;173m▄[38;2;3;105;172;48;2;5;104;171m▄[38;2;4;104;172;48;2;6;103;170m▄[38;2;6;103;170;48;2;8;102;169m▄[38;2;8;102;169;48;2;10;101;168m▄[38;2;10;101;168;48;2;11;100;167m▄[38;2;11;100;166;48;2;13;99;165m▄[38;2;13;98;165;48;2;13;97;164m▄[38;2;13;97;164;48;2;12;96;164m▄[38;2;12;95;162;49m▄[49m              [m
[49m             [38;2;7;96;159;49m▄[38;2;13;97;165;48;2;14;97;164m▄[38;2;12;99;165;48;2;14;98;165m▄[38;2;11;100;167;48;2;11;99;166m▄[38;2;8;102;169;48;2;10;101;168m▄[38;2;6;103;170;48;2;8;102;169m▄[38;2;4;104;172;48;2;6;104;172m▄[38;2;1;106;173;48;2;0;101;172m▄[49m [38;2;0;106;177;48;2;1;107;174m▄[38;2;0;109;177;48;2;0;107;175m▄[38;2;0;109;178;48;2;0;108;176m▄[38;2;0;110;178;48;2;0;108;177m▄[38;2;0;111;179;48;2;0;109;177m▄[38;2;0;111;179;48;2;0;109;178m▄▄▄[38;2;0;110;179;48;2;0;109;177m▄[38;2;0;110;179;48;2;0;108;177m▄[49m [49;38;2;0;107;173m▀[38;2;0;107;176;48;2;1;106;174m▄[38;2;1;107;174;48;2;2;105;173m▄[38;2;2;105;173;48;2;4;104;172m▄[38;2;4;104;172;48;2;6;103;170m▄[38;2;6;103;170;48;2;8;102;169m▄[38;2;8;102;169;48;2;10;101;168m▄[38;2;11;100;167;48;2;12;99;166m▄[38;2;13;99;165;48;2;13;98;165m▄[38;2;14;98;165;48;2;13;97;164m▄[38;2;12;96;165;48;2;0;85;153m▄[49m             [m
[49m            [38;2;12;94;161;49m▄[38;2;14;98;165;48;2;13;97;164m▄[38;2;13;99;165;48;2;13;98;165m▄[38;2;11;100;167;48;2;11;100;166m▄[38;2;8;102;169;48;2;10;102;168m▄[38;2;6;104;171;48;2;7;103;170m▄[38;2;4;105;172;48;2;5;104;172m▄[38;2;1;106;174;48;2;2;105;173m▄[38;2;0;108;176;48;2;1;107;174m▄[38;2;0;109;177;48;2;0;105;175m▄[49m [49;38;2;0;109;178m▀[49;38;2;0;110;179m▀[49;38;2;0;112;180m▀▀[49;38;2;0;112;181m▀[49;38;2;0;113;181m▀[49;38;2;0;112;181m▀[49;38;2;0;112;180m▀▀[49;38;2;0;111;178m▀[49m [49;38;2;0;96;181m▀[38;2;0;109;176;48;2;0;108;176m▄[38;2;0;107;175;48;2;1;107;174m▄[38;2;2;106;174;48;2;2;105;173m▄[38;2;4;105;172;48;2;5;104;171m▄[38;2;6;103;170;48;2;7;103;170m▄[38;2;8;102;169;48;2;10;101;168m▄[38;2;11;100;167;48;2;12;99;166m▄[38;2;14;99;166;48;2;14;99;165m▄[38;2;14;98;164;48;2;13;97;164m▄[38;2;11;98;164;48;2;9;97;167m▄[49m            [m
[49m           [38;2;11;95;162;49m▄[38;2;13;97;164;48;2;12;97;164m▄[38;2;13;99;165;48;2;14;98;165m▄[38;2;11;99;166;48;2;12;99;165m▄[38;2;9;101;168;48;2;10;101;168m▄[38;2;6;103;170;48;2;7;102;169m▄[38;2;4;104;172;48;2;5;104;171m▄[38;2;1;106;173;48;2;2;105;173m▄[38;2;0;107;175;48;2;0;107;174m▄[38;2;0;109;177;48;2;0;108;176m▄[49;38;2;0;109;179m▀[38;2;202;223;234;49m▄[38;2;198;222;229;48;2;199;225;229m▄[38;2;195;220;226;48;2;195;222;227m▄[38;2;192;219;226;48;2;193;220;225m▄[38;2;190;218;225;48;2;190;220;225m▄[38;2;189;217;224;48;2;190;218;223m▄[38;2;188;217;224;48;2;188;216;223m▄▄[38;2;188;217;224;48;2;186;216;223m▄▄[38;2;185;211;220;48;2;189;217;225m▄[49m [38;2;187;221;221;49m▄[49;38;2;0;102;170m▀[38;2;0;108;177;48;2;0;108;176m▄[38;2;0;107;175;48;2;0;107;174m▄[38;2;2;106;173;48;2;2;105;173m▄[38;2;5;104;172;48;2;5;104;171m▄[38;2;7;103;170;48;2;8;102;169m▄[38;2;10;101;168;48;2;11;101;167m▄[38;2;12;100;166;48;2;13;100;166m▄[38;2;14;98;165;48;2;13;98;165m▄[38;2;13;97;164;48;2;13;97;163m▄[38;2;11;95;162;48;2;8;96;163m▄[49m           [m
[49m          [38;2;9;95;161;48;2;8;93;162m▄[38;2;13;96;163;48;2;12;96;162m▄[38;2;14;98;164;48;2;13;97;164m▄[38;2;13;99;166;48;2;13;99;165m▄[48;2;11;100;167m [48;2;8;102;169m [38;2;5;104;171;48;2;6;103;171m▄[48;2;3;105;172m [38;2;1;107;174;48;2;1;106;174m▄[48;2;0;108;176m [49;38;2;0;107;176m▀[38;2;202;225;225;49m▄[38;2;199;223;229;48;2;200;223;229m▄[38;2;195;221;228;48;2;196;221;228m▄[38;2;192;219;226;48;2;193;220;226m▄[38;2;190;218;225;48;2;191;219;225m▄[48;2;189;217;224m [48;2;188;217;224m [38;2;187;217;224;48;2;188;217;224m▄[48;2;187;217;224m  [38;2;177;216;216;48;2;187;217;224m▄[49m [38;2;187;217;225;48;2;188;211;222m▄[48;2;187;217;224m [38;2;189;217;225;48;2;191;207;223m▄[49m [38;2;0;107;176;48;2;0;107;175m▄[48;2;1;106;174m [38;2;3;105;172;48;2;4;105;172m▄[38;2;6;103;171;48;2;6;103;170m▄[48;2;8;102;169m [38;2;11;101;168;48;2;11;100;167m▄[38;2;13;99;166;48;2;13;99;165m▄[48;2;13;97;164m [38;2;13;96;162;48;2;12;96;162m▄[38;2;10;95;161;48;2;10;94;161m▄[38;2;0;98;157;49m▄[49m         [m
[49m         [38;2;9;93;159;48;2;10;91;159m▄[48;2;11;95;161m [48;2;13;96;163m [48;2;14;98;164m [48;2;13;99;166m [48;2;11;100;167m [48;2;8;102;169m [48;2;5;104;171m [48;2;3;105;172m [38;2;2;106;174;48;2;1;107;175m▄[49;38;2;0;105;173m▀[38;2;211;231;234;49m▄[48;2;204;225;231m [38;2;199;222;228;48;2;198;222;228m▄[48;2;195;221;228m [48;2;192;219;226m [48;2;190;218;225m [48;2;188;217;224m  [48;2;187;217;224m  [49;38;2;187;218;224m▀[49m [38;2;186;217;224;48;2;188;217;226m▄[48;2;187;217;224m  [48;2;188;217;224m [38;2;189;216;223;48;2;186;214;221m▄[49m [38;2;0;105;175;48;2;0;106;174m▄[38;2;3;105;172;48;2;2;105;172m▄[48;2;6;103;171m [48;2;8;102;169m [48;2;11;101;168m [48;2;13;99;166m [48;2;14;98;164m [48;2;13;96;162m [48;2;11;95;161m [38;2;9;94;159;48;2;9;93;160m▄[38;2;0;89;166;49m▄[49m        [m
[49m        [38;2;8;91;159;48;2;9;91;158m▄[48;2;10;93;159m [38;2;11;94;161;48;2;11;95;161m▄[38;2;12;96;162;48;2;13;96;163m▄[38;2;13;97;164;48;2;14;98;164m▄[38;2;13;99;165;48;2;13;99;166m▄[48;2;11;100;167m [48;2;8;102;169m [38;2;6;103;170;48;2;6;103;171m▄[38;2;2;104;170;48;2;3;105;173m▄[49;38;2;0;102;173m▀[38;2;202;225;233;49m▄[38;2;210;228;234;48;2;211;231;236m▄[38;2;206;226;232;48;2;204;225;231m▄[38;2;200;223;229;48;2;199;223;228m▄[38;2;196;221;228;48;2;195;221;228m▄[38;2;193;220;226;48;2;192;219;226m▄[48;2;190;218;225m [48;2;189;217;224m [48;2;188;217;224m [48;2;187;217;224m [49;38;2;186;215;223m▀[38;2;186;216;216;49m▄[38;2;187;217;224;48;2;186;218;225m▄[48;2;187;217;224m   [48;2;188;217;224m [38;2;189;217;224;48;2;188;217;224m▄[38;2;190;218;225;48;2;188;219;228m▄[49m [38;2;0;102;168;48;2;3;104;172m▄[38;2;6;104;171;48;2;6;103;171m▄[38;2;9;101;168;48;2;8;102;169m▄[48;2;11;100;167m [48;2;13;99;165m [48;2;13;97;164m [48;2;12;96;162m [38;2;10;94;161;48;2;11;94;161m▄[48;2;10;93;159m [38;2;9;91;158;48;2;7;91;158m▄[38;2;6;89;159;49m▄[49m       [m
[49m       [38;2;7;90;156;48;2;8;90;156m▄[38;2;8;91;156;48;2;9;91;157m▄[48;2;9;92;159m [48;2;10;94;160m [38;2;11;95;162;48;2;12;95;162m▄[48;2;13;97;164m [38;2;13;98;165;48;2;14;98;165m▄[38;2;12;99;165;48;2;12;99;166m▄[38;2;10;101;167;48;2;9;101;168m▄[38;2;8;102;169;48;2;6;104;171m▄[49m [49;38;2;177;216;235m▀[49;38;2;194;220;230m▀[49;38;2;208;227;234m▀[49;38;2;207;227;233m▀[49;38;2;201;223;230m▀[49;38;2;198;221;227m▀[49;38;2;193;220;225m▀[49;38;2;190;219;224m▀[49;38;2;189;218;224m▀[49;38;2;188;217;223m▀[49;38;2;189;217;224m▀[38;2;187;215;223;49m▄[38;2;188;217;224;48;2;187;218;223m▄[38;2;188;217;224;48;2;187;217;224m▄▄[48;2;188;217;224m  [38;2;189;217;224;48;2;188;217;224m▄[38;2;190;218;225;48;2;189;217;224m▄[38;2;192;219;225;48;2;191;219;225m▄[38;2;195;220;226;48;2;194;220;226m▄[49m [49;38;2;7;104;170m▀[49;38;2;10;101;168m▀[49;38;2;12;100;166m▀[49;38;2;14;98;165m▀[49;38;2;13;97;164m▀[49;38;2;11;95;161m▀[49;38;2;10;93;160m▀[49;38;2;10;92;158m▀[49;38;2;8;91;156m▀[49;38;2;8;89;156m▀[49m       [m
[49m     [38;2;0;82;153;49m▄[38;2;6;87;153;48;2;6;87;154m▄[38;2;7;88;154;48;2;7;89;155m▄[48;2;8;90;156m [38;2;9;91;157;48;2;9;92;158m▄[38;2;10;93;159;48;2;10;93;160m▄[38;2;11;94;161;48;2;11;95;161m▄[38;2;12;96;162;48;2;13;96;163m▄[38;2;13;97;164;48;2;14;98;164m▄[38;2;14;98;164;48;2;13;98;165m▄[38;2;11;100;166;48;2;10;101;168m▄[49m [38;2;0;97;167;49m▄[49;38;2;179;217;230m▀[38;2;182;213;228;48;2;184;215;228m▄[38;2;191;218;229;48;2;197;222;233m▄[38;2;204;225;233;48;2;211;231;235m▄[38;2;211;229;234;48;2;208;228;233m▄[38;2;205;226;232;48;2;202;224;231m▄[38;2;200;223;229;48;2;200;222;231m▄[38;2;197;221;228;48;2;195;220;228m▄[38;2;195;220;227;48;2;193;220;226m▄[38;2;193;219;226;48;2;191;220;224m▄[38;2;192;220;226;48;2;195;225;225m▄[49m [38;2;190;217;224;48;2;189;217;225m▄[38;2;190;218;224;48;2;188;217;224m▄[38;2;190;218;225;48;2;189;217;224m▄▄[38;2;191;218;225;48;2;189;217;224m▄[38;2;193;219;226;48;2;190;218;225m▄[38;2;195;220;227;48;2;192;219;225m▄[38;2;198;223;229;48;2;195;220;226m▄[38;2;201;215;228;48;2;196;221;227m▄[38;2;0;99;170;49m▄[38;2;10;102;169;48;2;6;99;168m▄[38;2;12;99;165;48;2;9;100;166m▄[38;2;14;98;165;48;2;11;98;164m▄[38;2;13;97;164;48;2;11;98;164m▄[38;2;11;96;162;48;2;11;95;162m▄[38;2;10;94;161;48;2;9;95;162m▄[38;2;10;93;159;48;2;9;93;160m▄[38;2;9;91;157;48;2;7;91;157m▄[38;2;8;90;155;48;2;7;91;155m▄[38;2;7;86;153;48;2;5;88;154m▄[49m [38;2;137;191;211;49m▄[49m     [m
[49m    [38;2;0;85;149;49m▄[38;2;3;85;151;48;2;5;85;151m▄[38;2;5;86;151;48;2;5;87;152m▄[38;2;6;87;153;48;2;7;88;154m▄[38;2;7;89;155;48;2;8;89;155m▄[38;2;8;90;156;48;2;8;91;156m▄[38;2;9;92;158;48;2;9;92;159m▄[38;2;10;93;159;48;2;10;94;160m▄[38;2;11;94;161;48;2;11;95;162m▄[38;2;12;95;162;48;2;13;96;163m▄[49;38;2;13;97;165m▀[49m [38;2;13;99;166;48;2;11;100;168m▄[38;2;11;101;167;48;2;10;102;169m▄[38;2;8;100;167;49m▄[49;38;2;178;214;229m▀[38;2;179;212;227;48;2;184;214;227m▄[38;2;187;216;228;48;2;195;220;230m▄[38;2;198;222;231;48;2;208;227;233m▄[48;2;209;228;234m [38;2;210;229;234;48;2;205;225;231m▄[38;2;205;226;232;48;2;200;223;229m▄[38;2;202;224;230;48;2;198;222;228m▄[38;2;200;223;229;48;2;196;221;227m▄[38;2;198;222;228;48;2;195;221;227m▄[38;2;198;222;228;48;2;195;219;227m▄[49m [38;2;191;219;219;48;2;193;219;226m▄[38;2;196;221;228;48;2;192;219;226m▄[38;2;196;221;228;48;2;193;219;226m▄[38;2;197;222;228;48;2;194;220;227m▄[38;2;199;223;229;48;2;196;221;227m▄[38;2;201;224;230;48;2;198;222;228m▄[49;38;2;200;224;230m▀[38;2;7;103;165;49m▄[38;2;10;101;167;48;2;10;100;169m▄[38;2;13;99;165;48;2;11;100;167m▄[38;2;13;97;164;48;2;13;98;165m▄[38;2;13;97;164;48;2;14;98;164m▄[38;2;11;96;162;48;2;13;96;163m▄[38;2;11;94;161;48;2;11;95;161m▄[38;2;10;93;159;48;2;10;93;160m▄[38;2;9;91;158;48;2;9;92;158m▄[48;2;8;90;156m [38;2;6;88;154;48;2;7;89;156m▄[49m [38;2;140;194;216;48;2;142;184;213m▄[48;2;140;194;216m [38;2;140;192;216;49m▄[49m    [m
[49m   [38;2;0;83;148;49m▄[38;2;3;84;149;48;2;3;84;148m▄[38;2;3;84;149;48;2;4;84;149m▄[38;2;4;85;150;48;2;5;85;151m▄[38;2;5;86;152;48;2;6;87;152m▄[38;2;6;87;153;48;2;7;88;154m▄[38;2;7;89;155;48;2;8;89;155m▄[38;2;8;90;156;48;2;8;91;156m▄[38;2;9;91;157;48;2;9;92;159m▄[38;2;10;92;159;48;2;10;93;161m▄[49;38;2;9;94;161m▀[49m [38;2;12;96;163;48;2;13;97;164m▄[38;2;13;97;164;48;2;14;98;165m▄[38;2;14;98;165;48;2;12;99;166m▄[38;2;12;99;166;48;2;11;101;167m▄[38;2;11;99;167;49m▄[49;38;2;173;214;224m▀[38;2;174;209;223;48;2;179;211;226m▄[38;2;179;211;226;48;2;188;217;228m▄[38;2;187;216;228;48;2;197;222;231m▄[38;2;194;220;230;48;2;207;226;233m▄[38;2;203;224;232;48;2;211;229;234m▄[38;2;210;229;234;48;2;207;228;233m▄[38;2;210;229;234;48;2;204;226;231m▄[38;2;208;228;234;48;2;202;224;230m▄[38;2;207;227;232;48;2;201;224;230m▄[38;2;205;227;232;48;2;201;222;231m▄[49m [49;38;2;199;223;229m▀[38;2;207;227;232;48;2;201;224;230m▄[38;2;209;228;233;48;2;203;224;230m▄[38;2;211;230;235;48;2;205;226;232m▄[49;38;2;206;227;233m▀[38;2;10;98;167;49m▄[38;2;12;99;166;48;2;11;100;166m▄[38;2;13;98;165;48;2;12;99;165m▄[38;2;13;97;164;48;2;13;98;164m▄[38;2;12;96;163;48;2;13;97;163m▄[38;2;11;95;161;48;2;13;96;162m▄[38;2;10;94;160;48;2;11;95;161m▄[38;2;9;92;159;48;2;10;93;160m▄[38;2;9;91;157;48;2;9;92;158m▄[38;2;8;90;156;48;2;8;91;156m▄[38;2;5;85;154;48;2;7;89;155m▄[49m [38;2;141;194;217;48;2;138;194;214m▄[48;2;140;194;216m   [38;2;140;193;216;48;2;138;193;214m▄[49m   [m
[49m  [38;2;2;83;149;48;2;0;85;153m▄[48;2;3;84;149m   [38;2;3;84;149;48;2;4;84;150m▄[38;2;4;85;150;48;2;5;86;151m▄[38;2;5;86;152;48;2;6;87;152m▄[38;2;6;87;153;48;2;7;88;154m▄[38;2;7;88;154;48;2;7;89;155m▄[38;2;7;89;155;48;2;8;90;156m▄[49;38;2;9;93;158m▀[38;2;0;85;146;49m▄[38;2;9;93;160;48;2;11;94;161m▄[38;2;10;94;160;48;2;11;95;161m▄[38;2;11;95;161;48;2;12;96;163m▄[38;2;12;96;163;48;2;13;97;164m▄[38;2;13;97;164;48;2;14;98;165m▄[38;2;13;98;164;48;2;12;100;166m▄[38;2;14;98;166;48;2;0;90;165m▄[49m [38;2;167;203;224;48;2;171;207;224m▄[38;2;168;206;222;48;2;177;211;225m▄[38;2;174;209;224;48;2;183;214;226m▄[38;2;179;212;226;48;2;190;217;228m▄[38;2;183;214;227;48;2;196;220;230m▄[38;2;188;216;228;48;2;202;224;232m▄[38;2;192;218;229;48;2;207;227;233m▄[38;2;195;220;230;48;2;209;228;234m▄[38;2;197;221;230;48;2;211;230;234m▄[38;2;198;221;230;48;2;210;227;233m▄[49m [49;38;2;211;228;235m▀[38;2;194;221;231;48;2;208;228;234m▄[49;38;2;207;226;231m▀[38;2;13;98;165;49m▄[38;2;14;98;164;48;2;12;99;165m▄[38;2;13;97;163;48;2;13;98;164m▄[38;2;12;96;163;48;2;13;97;164m▄[38;2;11;95;161;48;2;12;96;163m▄[38;2;10;94;160;48;2;11;95;161m▄[38;2;10;93;159;48;2;10;94;161m▄[38;2;9;92;158;48;2;10;93;159m▄[38;2;8;91;157;48;2;9;92;158m▄[38;2;7;90;156;48;2;8;90;156m▄[38;2;0;85;158;48;2;7;88;156m▄[49m [38;2;140;193;216;48;2;141;193;214m▄[48;2;140;194;216m     [38;2;139;193;216;48;2;139;192;219m▄[49m  [m
[49m [38;2;3;83;147;48;2;0;83;145m▄[48;2;3;84;149m     [38;2;3;84;149;48;2;4;84;150m▄[38;2;4;85;150;48;2;4;85;151m▄[38;2;5;86;151;48;2;5;87;152m▄[38;2;4;87;154;48;2;7;88;153m▄[49;38;2;5;88;152m▀[38;2;6;87;155;49m▄[38;2;8;90;156;48;2;9;92;157m▄[38;2;9;91;157;48;2;9;92;158m▄[38;2;9;92;158;48;2;10;93;159m▄[38;2;10;93;159;48;2;11;94;161m▄[38;2;10;94;160;48;2;11;95;162m▄[38;2;11;95;161;48;2;13;96;163m▄[38;2;12;96;162;48;2;13;97;164m▄[38;2;13;97;163;48;2;14;98;165m▄[38;2;12;97;163;48;2;0;97;158m▄[49m [49;38;2;161;203;221m▀[49;38;2;165;204;222m▀[49;38;2;169;207;223m▀[49;38;2;173;209;224m▀[49;38;2;176;211;225m▀[49;38;2;179;212;226m▀[49;38;2;182;213;227m▀[49;38;2;183;214;227m▀[49;38;2;184;214;227m▀[49;38;2;183;214;228m▀[49m   [49;38;2;13;98;164m▀[49;38;2;13;97;164m▀[49;38;2;13;96;162m▀[49;38;2;11;95;162m▀[49;38;2;10;94;161m▀[49;38;2;10;93;159m▀[49;38;2;9;92;159m▀[49;38;2;9;91;157m▀[49;38;2;8;90;156m▀[49;38;2;8;87;155m▀[49m [49;38;2;141;195;216m▀[49;38;2;140;194;216m▀▀▀▀▀▀▀[49;38;2;138;194;215m▀[49m [m
[49m [49;38;2;2;82;149m▀[38;2;3;84;148;48;2;3;84;149m▄[48;2;3;84;149m      [38;2;3;83;148;48;2;4;84;151m▄[49;38;2;0;88;147m▀[38;2;135;195;210;49m▄[49;38;2;0;80;143m▀[38;2;7;86;153;48;2;8;89;155m▄[38;2;7;89;154;48;2;8;90;155m▄[38;2;8;90;155;48;2;8;91;157m▄[38;2;8;91;156;48;2;9;92;158m▄[38;2;9;91;158;48;2;10;93;159m▄[38;2;9;92;159;48;2;10;94;160m▄[38;2;10;93;159;48;2;11;94;161m▄[38;2;10;94;160;48;2;11;95;162m▄[49;38;2;12;96;163m▀[38;2;0;90;150;49m▄[38;2;11;95;162;48;2;11;93;165m▄[38;2;12;96;162;48;2;11;94;164m▄[38;2;13;96;163;48;2;11;97;164m▄▄[38;2;13;96;163;48;2;11;97;166m▄▄▄[38;2;13;96;163;48;2;11;97;164m▄▄[38;2;12;96;162;48;2;11;94;164m▄[38;2;11;95;162;48;2;11;94;164m▄[38;2;11;95;161;48;2;11;94;164m▄[48;2;11;94;161m [38;2;10;94;160;48;2;11;94;161m▄[38;2;10;93;159;48;2;11;94;161m▄[38;2;9;92;159;48;2;8;94;161m▄[38;2;9;91;158;48;2;8;94;158m▄[38;2;8;91;156;48;2;8;91;158m▄[38;2;8;89;155;48;2;8;91;155m▄[38;2;7;89;155;48;2;8;89;155m▄[38;2;7;88;154;48;2;6;86;155m▄[38;2;5;87;152;48;2;6;86;155m▄[38;2;5;86;152;48;2;3;86;152m▄[38;2;4;85;150;48;2;3;86;152m▄[38;2;3;84;149;48;2;0;83;150m▄[38;2;3;84;149;48;2;3;83;150m▄[38;2;3;84;149;48;2;0;83;150m▄▄▄▄▄▄[38;2;0;83;150;48;2;0;80;150m▄[49m [m
[49m  [49;38;2;0;82;150m▀[38;2;2;84;148;48;2;3;84;149m▄[48;2;3;84;149m    [38;2;2;83;147;48;2;2;84;148m▄[49;38;2;0;77;153m▀[38;2;139;193;214;48;2;143;191;223m▄[38;2;140;194;216;48;2;139;194;215m▄[38;2;140;193;215;49m▄[49m [38;2;4;87;153;48;2;6;87;153m▄[38;2;6;87;154;48;2;7;88;154m▄[38;2;7;88;154;48;2;8;89;155m▄[38;2;7;89;155;48;2;8;90;156m▄[38;2;8;90;155;48;2;9;91;156m▄[38;2;7;90;155;48;2;9;92;158m▄[49;38;2;9;93;160m▀[38;2;8;85;155;49m▄[38;2;9;92;158;48;2;8;93;161m▄[38;2;9;92;159;48;2;10;94;160m▄[38;2;10;93;159;48;2;11;94;161m▄[38;2;10;93;159;48;2;11;95;161m▄[38;2;10;93;160;48;2;11;95;161m▄▄▄▄[38;2;10;93;159;48;2;11;95;161m▄▄[38;2;10;93;159;48;2;10;94;161m▄[38;2;9;92;159;48;2;10;94;160m▄[38;2;9;92;158;48;2;10;93;160m▄[38;2;9;91;158;48;2;10;93;159m▄[38;2;8;91;156;48;2;9;92;159m▄[38;2;8;90;156;48;2;9;92;158m▄[38;2;8;89;155;48;2;8;91;157m▄[38;2;7;89;155;48;2;8;90;156m▄[38;2;7;88;154;48;2;7;89;155m▄[38;2;6;87;153;48;2;7;88;154m▄[38;2;5;87;152;48;2;7;88;153m▄[38;2;5;86;151;48;2;5;87;153m▄[38;2;4;85;150;48;2;5;86;152m▄[38;2;3;84;149;48;2;4;85;150m▄[48;2;3;84;149m        [38;2;0;78;144;48;2;2;83;147m▄[49m  [m
[49m   [49;38;2;0;81;148m▀[48;2;3;84;149m   [38;2;0;81;150;48;2;2;83;149m▄[49m [38;2;140;194;217;48;2;139;193;216m▄[48;2;140;194;216m   [38;2;139;194;216;48;2;137;196;216m▄[49m [38;2;0;87;148;48;2;5;86;152m▄[38;2;4;86;151;48;2;6;87;152m▄[38;2;5;86;152;48;2;6;88;153m▄[38;2;5;86;152;48;2;7;89;154m▄[49;38;2;7;87;154m▀[38;2;4;89;154;49m▄[38;2;7;89;154;48;2;7;90;156m▄[38;2;7;89;155;48;2;8;90;156m▄[38;2;8;89;155;48;2;9;91;157m▄[38;2;8;90;155;48;2;9;91;157m▄[38;2;8;90;156;48;2;9;91;158m▄[38;2;8;90;156;48;2;9;92;158m▄▄▄▄▄[38;2;8;90;156;48;2;9;91;158m▄[38;2;8;90;155;48;2;9;91;157m▄[38;2;8;89;155;48;2;9;91;156m▄[38;2;7;89;155;48;2;8;90;156m▄[38;2;7;89;154;48;2;8;90;156m▄[38;2;7;88;154;48;2;8;89;155m▄[38;2;6;87;153;48;2;7;89;155m▄[38;2;6;87;152;48;2;7;88;154m▄[38;2;5;86;152;48;2;6;87;153m▄[38;2;5;86;151;48;2;6;87;152m▄[38;2;4;85;150;48;2;5;86;151m▄[38;2;4;84;150;48;2;5;85;151m▄[38;2;3;84;149;48;2;4;85;150m▄[48;2;3;84;149m        [38;2;2;84;148;48;2;3;84;149m▄[38;2;0;73;146;48;2;2;84;149m▄[49m   [m
[49m     [38;2;2;82;148;48;2;2;84;149m▄[38;2;0;85;144;48;2;1;84;149m▄[49m [38;2;141;194;216;48;2;139;190;213m▄[48;2;140;194;216m    [38;2;140;194;216;48;2;140;195;217m▄[38;2;139;193;215;48;2;134;188;215m▄[49m [38;2;0;73;146;48;2;3;85;150m▄[38;2;2;83;148;48;2;4;85;151m▄[49;38;2;0;83;146m▀[38;2;2;86;151;49m▄[38;2;5;85;151;48;2;5;87;152m▄[38;2;5;86;151;48;2;6;87;153m▄[38;2;5;86;152;48;2;6;87;153m▄[38;2;5;86;152;48;2;7;88;154m▄[38;2;5;87;152;48;2;7;88;154m▄[38;2;6;87;152;48;2;7;88;154m▄[38;2;6;87;152;48;2;7;89;154m▄[38;2;6;87;153;48;2;7;89;155m▄▄▄[38;2;6;87;152;48;2;7;89;154m▄[38;2;6;87;152;48;2;7;88;154m▄[38;2;5;87;152;48;2;7;88;154m▄[38;2;5;86;152;48;2;7;88;153m▄[38;2;5;86;152;48;2;6;87;153m▄[38;2;5;86;151;48;2;6;87;153m▄[38;2;5;85;151;48;2;5;87;152m▄[38;2;4;85;150;48;2;5;86;151m▄[38;2;4;84;150;48;2;5;85;151m▄[38;2;3;84;149;48;2;4;85;150m▄[38;2;3;84;149;48;2;4;84;150m▄[48;2;3;84;149m          [38;2;2;84;149;48;2;2;83;149m▄[49;38;2;3;80;147m▀[49m    [m
[49m       [38;2;128;200;219;48;2;138;194;217m▄[38;2;140;191;217;48;2;140;194;216m▄▄▄▄▄▄▄[38;2;128;191;207;48;2;138;193;217m▄[49m   [38;2;0;77;153;48;2;3;84;149m▄[38;2;0;77;153;48;2;4;85;150m▄▄[38;2;0;77;153;48;2;4;85;151m▄[38;2;0;77;153;48;2;5;85;151m▄▄[38;2;0;77;153;48;2;5;86;152m▄▄▄▄▄▄▄[38;2;0;77;153;48;2;5;86;151m▄[38;2;0;77;153;48;2;5;85;151m▄[38;2;0;77;153;48;2;4;85;150m▄▄[38;2;0;77;153;48;2;4;84;150m▄[38;2;0;77;153;48;2;3;84;149m▄▄▄▄▄▄▄▄▄▄▄▄▄[38;2;0;81;148;48;2;3;83;149m▄[49;38;2;0;80;151m▀[49m     [m
[49m                                                         [m
[49m                                                         [m
